    0.00000000000000     0.00000000000000     1.00000000000000 
    0.25000000000000     0.00000000000000     1.00000000000000 
    0.50000000000000     0.00000000000000     1.00000000000000 
    0.75000000000000     0.00000000000000     1.00000000000000 
    1.00000000000000     0.00000000000000     1.00000000000000 
    1.25000000000000     0.00000000000000     1.00000000000000 
    1.50000000000000     0.00000000000000     1.00000000000000 
    1.75000000000000     0.00000000000000     1.00000000000000 
    2.00000000000000     0.00000000000000     1.00000000000000 
    2.25000000000000     0.00000000000000     1.00000000000000 
    2.50000000000000     0.00000000000000     1.00000000000000 
    2.75000000000000     0.00000000000000     1.00000000000000 
    3.00000000000000     0.00000000000000     1.00000000000000 
    3.25000000000000     0.00000000000000     1.00000000000000 
    3.50000000000000     0.00000000000000     1.00000000000000 
    3.75000000000000     0.00000000000000     1.00000000000000 
    4.00000000000000     0.00000000000000     1.00000000000000 
    4.25000000000000     0.00000000000000     1.00000000000000 
    4.50000000000000     0.00000000000000     1.00000000000000 
    4.75000000000000     0.00000000000000     1.00000000000000 
    5.00000000000000     0.00000000000000     1.00000000000000 
    5.25000000000000     0.00000000000000     1.00000000000000 
    5.50000000000000     0.00000000000000     1.00000000000000 
    5.75000000000000     0.00000000000000     1.00000000000000 
    6.00000000000000     0.00000000000000     1.00000000000000 
    6.25000000000000     0.00000000000000     1.00000000000000 
    6.50000000000000     0.00000000000000     1.00000000000000 
    6.75000000000000     0.00000000000000     1.00000000000000 
    7.00000000000000     0.00000000000000     1.00000000000000 
    7.25000000000000     0.00000000000000     1.00000000000000 
    7.50000000000000     0.00000000000000     1.00000000000000 
    7.75000000000000     0.00000000000000     1.00000000000000 
    8.00000000000000     0.00000000000000     1.00000000000000 
    8.25000000000000     0.00000000000000     1.00000000000000 
    8.50000000000000     0.00000000000000     1.00000000000000 
    8.75000000000000     0.00000000000000     1.00000000000000 
    9.00000000000000     0.00000000000000     1.00000000000000 
    9.25000000000000     0.00000000000000     1.00000000000000 
    9.50000000000000     0.00000000000000     1.00000000000000 
    9.75000000000000     0.00000000000000     1.00000000000000 
   10.00000000000000     0.00000000000000     1.00000000000000 
   10.25000000000000     0.00000000000000     1.00000000000000 
   10.50000000000000     0.00000000000000     1.00000000000000 
   10.75000000000000     0.00000000000000     1.00000000000000 
   11.00000000000000     0.00000000000000     1.00000000000000 
   11.25000000000000     0.00000000000000     1.00000000000000 
   11.50000000000000     0.00000000000000     1.00000000000000 
   11.75000000000000     0.00000000000000     1.00000000000000 
   12.00000000000000     0.00000000000000     1.00000000000000 
   12.25000000000000     0.00000000000000     1.00000000000000 
   12.50000000000000     0.00000000000000     1.00000000000000 
   12.75000000000000     0.00000000000000     1.00000000000000 
   13.00000000000000     0.00000000000000     1.00000000000000 
   13.25000000000000     0.00000000000000     1.00000000000000 
   13.50000000000000     0.00000000000000     1.00000000000000 
   13.75000000000000     0.00000000000000     1.00000000000000 
   14.00000000000000     0.00000000000000     1.00000000000000 
   14.25000000000000     0.00000000000000     1.00000000000000 
   14.50000000000000     0.00000000000000     1.00000000000000 
   14.75000000000000     0.00000000000000     1.00000000000000 
   15.00000000000000     0.00000000000000     1.00000000000000 
   15.25000000000000     0.00000000000000     1.00000000000000 
   15.50000000000000     0.00000000000000     1.00000000000000 
   15.75000000000000     0.00000000000000     1.00000000000000 
   16.00000000000000     0.00000000000000     1.00000000000000 
   16.25000000000000     0.00000000000000     1.00000000000000 
   16.50000000000000     0.00000000000000     1.00000000000000 
   16.75000000000000     0.00000000000000     1.00000000000000 
   17.00000000000000     0.00000000000000     1.00000000000000 
   17.25000000000000     0.00000000000000     1.00000000000000 
   17.50000000000000     0.00000000000000     1.00000000000000 
   17.75000000000000     0.00000000000000     1.00000000000000 
   18.00000000000000     0.00000000000000     1.00000000000000 
   18.25000000000000     0.00000000000000     1.00000000000000 
   18.50000000000000     0.00000000000000     1.00000000000000 
   18.75000000000000     0.00000000000000     1.00000000000000 
   19.00000000000000     0.00000000000000     1.00000000000000 
   19.25000000000000     0.00000000000000     1.00000000000000 
   19.50000000000000     0.00000000000000     1.00000000000000 
   19.75000000000000     0.00000000000000     1.00000000000000 
   20.00000000000000     0.00000000000000     1.00000000000000 
   20.25000000000000     0.00000000000000     1.00000000000000 
   20.50000000000000     0.00000000000000     1.00000000000000 
   20.75000000000000     0.00000000000000     1.00000000000000 
   21.00000000000000     0.00000000000000     1.00000000000000 
   21.25000000000000     0.00000000000000     1.00000000000000 
   21.50000000000000     0.00000000000000     1.00000000000000 
   21.75000000000000     0.00000000000000     1.00000000000000 
   22.00000000000000     0.00000000000000     1.00000000000000 
   22.25000000000000     0.00000000000000     1.00000000000000 
   22.50000000000000     0.00000000000000     1.00000000000000 
   22.75000000000000     0.00000000000000     1.00000000000000 
   23.00000000000000     0.00000000000000     1.00000000000000 
   23.25000000000000     0.00000000000000     1.00000000000000 
   23.50000000000000     0.00000000000000     1.00000000000000 
   23.75000000000000     0.00000000000000     1.00000000000000 
   24.00000000000000     0.00000000000000     1.00000000000000 
   24.25000000000000     0.00000000000000     1.00000000000000 
   24.50000000000000     0.00000000000000     1.00000000000000 
   24.75000000000000     0.00000000000000     1.00000000000000 
   25.00000000000000     0.00000000000000     1.00000000000000 
   25.25000000000000     0.00000000000000     1.00000000000000 
   25.50000000000000     0.00000000000000     1.00000000000000 
   25.75000000000000     0.00000000000000     1.00000000000000 
   26.00000000000000     0.00000000000000     1.00000000000000 
   26.25000000000000     0.00000000000000     1.00000000000000 
   26.50000000000000     0.00000000000000     1.00000000000000 
   26.75000000000000     0.00000000000000     1.00000000000000 
   27.00000000000000     0.00000000000000     1.00000000000000 
   27.25000000000000     0.00000000000000     1.00000000000000 
   27.50000000000000     0.00000000000000     1.00000000000000 
   27.75000000000000     0.00000000000000     1.00000000000000 
   28.00000000000000     0.00000000000000     1.00000000000000 
   28.25000000000000     0.00000000000000     1.00000000000000 
   28.50000000000000     0.00000000000000     1.00000000000000 
   28.75000000000000     0.00000000000000     1.00000000000000 
   29.00000000000000     0.00000000000000     1.00000000000000 
   29.25000000000000     0.00000000000000     1.00000000000000 
   29.50000000000000     0.00000000000000     1.00000000000000 
   29.75000000000000     0.00000000000000     1.00000000000000 
   30.00000000000000     0.00000000000000     1.00000000000000 
   30.25000000000000     0.00000000000000     1.00000000000000 
   30.50000000000000     0.00000000000000     1.00000000000000 
   30.75000000000000     0.00000000000000     1.00000000000000 
   31.00000000000000     0.00000000000000     1.00000000000000 
   31.25000000000000     0.00000000000000     1.00000000000000 
   31.50000000000000     0.00000000000000     1.00000000000000 
   31.75000000000000     0.00000000000000     1.00000000000000 
   32.00000000000000     0.00000000000000     1.00000000000000 
   32.25000000000000     0.00000000000000     1.00000000000000 
   32.50000000000000     0.00000000000000     1.00000000000000 
   32.75000000000000     0.00000000000000     1.00000000000000 
   33.00000000000000     0.00000000000000     1.00000000000000 
   33.25000000000000     0.00000000000000     1.00000000000000 
   33.50000000000000     0.00000000000000     1.00000000000000 
   33.75000000000000     0.00000000000000     1.00000000000000 
   34.00000000000000     0.00000000000000     1.00000000000000 
   34.25000000000000     0.00000000000000     1.00000000000000 
   34.50000000000000     0.00000000000000     1.00000000000000 
   34.75000000000000     0.00000000000000     1.00000000000000 
   35.00000000000000     0.00000000000000     1.00000000000000 
   35.25000000000000     0.00000000000000     1.00000000000000 
   35.50000000000000     0.00000000000000     1.00000000000000 
   35.75000000000000     0.00000000000000     1.00000000000000 
   36.00000000000000     0.00000000000000     1.00000000000000 
   36.25000000000000     0.00000000000000     1.00000000000000 
   36.50000000000000     0.00000000000000     1.00000000000000 
   36.75000000000000     0.00000000000000     1.00000000000000 
   37.00000000000000     0.00000000000000     1.00000000000000 
   37.25000000000000     0.00000000000000     1.00000000000000 
   37.50000000000000     0.00000000000000     1.00000000000000 
   37.75000000000000     0.00000000000000     1.00000000000000 
   38.00000000000000     0.00000000000000     1.00000000000000 
   38.25000000000000     0.00000000000000     1.00000000000000 
   38.50000000000000     0.00000000000000     1.00000000000000 
   38.75000000000000     0.00000000000000     1.00000000000000 
   39.00000000000000     0.00000000000000     1.00000000000000 
   39.25000000000000     0.00000000000000     1.00000000000000 
   39.50000000000000     0.00000000000000     1.00000000000000 
   39.75000000000000     0.00000000000000     1.00000000000000 
   40.00000000000000     0.00000000000000     1.00000000000000 
   40.25000000000000     0.00000000000000     1.00000000000000 
   40.50000000000000     0.00000000000000     1.00000000000000 
   40.75000000000000     0.00000000000000     1.00000000000000 
   41.00000000000000     0.00000000000000     1.00000000000000 
   41.25000000000000     0.00000000000000     1.00000000000000 
   41.50000000000000     0.00000000000000     1.00000000000000 
   41.75000000000000     0.00000000000000     1.00000000000000 
   42.00000000000000     0.00000000000000     1.00000000000000 
   42.25000000000000     0.00000000000000     1.00000000000000 
   42.50000000000000     0.00000000000000     1.00000000000000 
   42.75000000000000     0.00000000000000     1.00000000000000 
   43.00000000000000     0.00000000000000     1.00000000000000 
   43.25000000000000     0.00000000000000     1.00000000000000 
   43.50000000000000     1.00000000000000     0.00000000000000 
   43.75000000000000     1.00000000000000     0.00000000000000 
   44.00000000000000     1.00000000000000     0.00000000000000 
   44.25000000000000     1.00000000000000     0.00000000000000 
   44.50000000000000     1.00000000000000     0.00000000000000 
   44.75000000000000     1.00000000000000     0.00000000000000 
   45.00000000000000     1.00000000000000     0.00000000000000 
   45.25000000000000     1.00000000000000     0.00000000000000 
   45.50000000000000     1.00000000000000     0.00000000000000 
   45.75000000000000     1.00000000000000     0.00000000000000 
   46.00000000000000     1.00000000000000     0.00000000000000 
   46.25000000000000     1.00000000000000     0.00000000000000 
   46.50000000000000     1.00000000000000     0.00000000000000 
   46.75000000000000     1.00000000000000     0.00000000000000 
   47.00000000000000     1.00000000000000     0.00000000000000 
   47.25000000000000     1.00000000000000     0.00000000000000 
   47.50000000000000     1.00000000000000     0.00000000000000 
   47.75000000000000     1.00000000000000     0.00000000000000 
   48.00000000000000     1.00000000000000     0.00000000000000 
   48.25000000000000     1.00000000000000     0.00000000000000 
   48.50000000000000     1.00000000000000     0.00000000000000 
   48.75000000000000     1.00000000000000     0.00000000000000 
   49.00000000000000     1.00000000000000     0.00000000000000 
   49.25000000000000     1.00000000000000     0.00000000000000 
   49.50000000000000     1.00000000000000     0.00000000000000 
   49.75000000000000     1.00000000000000     0.00000000000000 
   50.00000000000000     1.00000000000000     0.00000000000000 
   50.25000000000000     1.00000000000000     0.00000000000000 
   50.50000000000000     1.00000000000000     0.00000000000000 
   50.75000000000000     1.00000000000000     0.00000000000000 
   51.00000000000000     1.00000000000000     0.00000000000000 
   51.25000000000000     1.00000000000000     0.00000000000000 
   51.50000000000000     1.00000000000000     0.00000000000000 
   51.75000000000000     1.00000000000000     0.00000000000000 
   52.00000000000000     1.00000000000000     0.00000000000000 
   52.25000000000000     1.00000000000000     0.00000000000000 
   52.50000000000000     1.00000000000000     0.00000000000000 
   52.75000000000000     1.00000000000000     0.00000000000000 
   53.00000000000000     1.00000000000000     0.00000000000000 
   53.25000000000000     1.00000000000000     0.00000000000000 
   53.50000000000000     1.00000000000000     0.00000000000000 
   53.75000000000000     1.00000000000000     0.00000000000000 
   54.00000000000000     1.00000000000000     0.00000000000000 
   54.25000000000000     1.00000000000000     0.00000000000000 
   54.50000000000000     1.00000000000000     0.00000000000000 
   54.75000000000000     1.00000000000000     0.00000000000000 
   55.00000000000000     1.00000000000000     0.00000000000000 
   55.25000000000000     1.00000000000000     0.00000000000000 
   55.50000000000000     1.00000000000000     0.00000000000000 
   55.75000000000000     1.00000000000000     0.00000000000000 
   56.00000000000000     1.00000000000000     0.00000000000000 
   56.25000000000000     1.00000000000000     0.00000000000000 
   56.50000000000000     1.00000000000000     0.00000000000000 
   56.75000000000000     1.00000000000000     0.00000000000000 
   57.00000000000000     1.00000000000000     0.00000000000000 
   57.25000000000000     1.00000000000000     0.00000000000000 
   57.50000000000000     1.00000000000000     0.00000000000000 
   57.75000000000000     1.00000000000000     0.00000000000000 
   58.00000000000000     1.00000000000000     0.00000000000000 
   58.25000000000000     1.00000000000000     0.00000000000000 
   58.50000000000000     1.00000000000000     0.00000000000000 
   58.75000000000000     1.00000000000000     0.00000000000000 
   59.00000000000000     1.00000000000000     0.00000000000000 
   59.25000000000000     1.00000000000000     0.00000000000000 
   59.50000000000000     1.00000000000000     0.00000000000000 
   59.75000000000000     1.00000000000000     0.00000000000000 
   60.00000000000000     1.00000000000000     0.00000000000000 
   60.25000000000000     1.00000000000000     0.00000000000000 
   60.50000000000000     1.00000000000000     0.00000000000000 
   60.75000000000000     1.00000000000000     0.00000000000000 
   61.00000000000000     1.00000000000000     0.00000000000000 
   61.25000000000000     1.00000000000000     0.00000000000000 
   61.50000000000000     1.00000000000000     0.00000000000000 
   61.75000000000000     1.00000000000000     0.00000000000000 
   62.00000000000000     1.00000000000000     0.00000000000000 
   62.25000000000000     1.00000000000000     0.00000000000000 
   62.50000000000000     1.00000000000000     0.00000000000000 
   62.75000000000000     1.00000000000000     0.00000000000000 
   63.00000000000000     1.00000000000000     0.00000000000000 
   63.25000000000000     1.00000000000000     0.00000000000000 
   63.50000000000000     1.00000000000000     0.00000000000000 
   63.75000000000000     1.00000000000000     0.00000000000000 
   64.00000000000000     1.00000000000000     0.00000000000000 
   64.25000000000000     1.00000000000000     0.00000000000000 
   64.50000000000000     1.00000000000000     0.00000000000000 
   64.75000000000000     1.00000000000000     0.00000000000000 
   65.00000000000000     1.00000000000000     0.00000000000000 
   65.25000000000000     1.00000000000000     0.00000000000000 
   65.50000000000000     1.00000000000000     0.00000000000000 
   65.75000000000000     1.00000000000000     0.00000000000000 
   66.00000000000000     1.00000000000000     0.00000000000000 
   66.25000000000000     1.00000000000000     0.00000000000000 
   66.50000000000000     1.00000000000000     0.00000000000000 
   66.75000000000000     1.00000000000000     0.00000000000000 
   67.00000000000000     1.00000000000000     0.00000000000000 
   67.25000000000000     1.00000000000000     0.00000000000000 
   67.50000000000000     1.00000000000000     0.00000000000000 
   67.75000000000000     1.00000000000000     0.00000000000000 
   68.00000000000000     1.00000000000000     0.00000000000000 
   68.25000000000000     1.00000000000000     0.00000000000000 
   68.50000000000000     1.00000000000000     0.00000000000000 
   68.75000000000000     1.00000000000000     0.00000000000000 
   69.00000000000000     1.00000000000000     0.00000000000000 
   69.25000000000000     1.00000000000000     0.00000000000000 
   69.50000000000000     1.00000000000000     0.00000000000000 
   69.75000000000000     1.00000000000000     0.00000000000000 
   70.00000000000000     1.00000000000000     0.00000000000000 
   70.25000000000000     1.00000000000000     0.00000000000000 
   70.50000000000000     1.00000000000000     0.00000000000000 
   70.75000000000000     1.00000000000000     0.00000000000000 
   71.00000000000000     1.00000000000000     0.00000000000000 
   71.25000000000000     1.00000000000000     0.00000000000000 
   71.50000000000000     1.00000000000000     0.00000000000000 
   71.75000000000000     1.00000000000000     0.00000000000000 
   72.00000000000000     1.00000000000000     0.00000000000000 
   72.25000000000000     1.00000000000000     0.00000000000000 
   72.50000000000000     1.00000000000000     0.00000000000000 
   72.75000000000000     1.00000000000000     0.00000000000000 
   73.00000000000000     1.00000000000000     0.00000000000000 
   73.25000000000000     1.00000000000000     0.00000000000000 
   73.50000000000000     1.00000000000000     0.00000000000000 
   73.75000000000000     1.00000000000000     0.00000000000000 
   74.00000000000000     1.00000000000000     0.00000000000000 
   74.25000000000000     1.00000000000000     0.00000000000000 
   74.50000000000000     1.00000000000000     0.00000000000000 
   74.75000000000000     1.00000000000000     0.00000000000000 
   75.00000000000000     1.00000000000000     0.00000000000000 
   75.25000000000000     1.00000000000000     0.00000000000000 
   75.50000000000000     1.00000000000000     0.00000000000000 
   75.75000000000000     1.00000000000000     0.00000000000000 
   76.00000000000000     1.00000000000000     0.00000000000000 
   76.25000000000000     1.00000000000000     0.00000000000000 
   76.50000000000000     1.00000000000000     0.00000000000000 
   76.75000000000000     1.00000000000000     0.00000000000000 
   77.00000000000000     1.00000000000000     0.00000000000000 
   77.25000000000000     1.00000000000000     0.00000000000000 
   77.50000000000000     1.00000000000000     0.00000000000000 
   77.75000000000000     1.00000000000000     0.00000000000000 
   78.00000000000000     1.00000000000000     0.00000000000000 
   78.25000000000000     1.00000000000000     0.00000000000000 
   78.50000000000000     1.00000000000000     0.00000000000000 
   78.75000000000000     1.00000000000000     0.00000000000000 
   79.00000000000000     1.00000000000000     0.00000000000000 
   79.25000000000000     1.00000000000000     0.00000000000000 
   79.50000000000000     1.00000000000000     0.00000000000000 
   79.75000000000000     1.00000000000000     0.00000000000000 
   80.00000000000000     1.00000000000000     0.00000000000000 
   80.25000000000000     1.00000000000000     0.00000000000000 
   80.50000000000000     1.00000000000000     0.00000000000000 
   80.75000000000000     1.00000000000000     0.00000000000000 
   81.00000000000000     1.00000000000000     0.00000000000000 
   81.25000000000000     1.00000000000000     0.00000000000000 
   81.50000000000000     1.00000000000000     0.00000000000000 
   81.75000000000000     1.00000000000000     0.00000000000000 
   82.00000000000000     1.00000000000000     0.00000000000000 
   82.25000000000000     1.00000000000000     0.00000000000000 
   82.50000000000000     1.00000000000000     0.00000000000000 
   82.75000000000000     1.00000000000000     0.00000000000000 
   83.00000000000000     1.00000000000000     0.00000000000000 
   83.25000000000000     1.00000000000000     0.00000000000000 
   83.50000000000000     1.00000000000000     0.00000000000000 
   83.75000000000000     1.00000000000000     0.00000000000000 
   84.00000000000000     1.00000000000000     0.00000000000000 
   84.25000000000000     1.00000000000000     0.00000000000000 
   84.50000000000000     1.00000000000000     0.00000000000000 
   84.75000000000000     1.00000000000000     0.00000000000000 
   85.00000000000000     1.00000000000000     0.00000000000000 
   85.25000000000000     1.00000000000000     0.00000000000000 
   85.50000000000000     1.00000000000000     0.00000000000000 
   85.75000000000000     1.00000000000000     0.00000000000000 
   86.00000000000000     1.00000000000000     0.00000000000000 
   86.25000000000000     1.00000000000000     0.00000000000000 
   86.50000000000000     1.00000000000000     0.00000000000000 
   86.75000000000000     1.00000000000000     0.00000000000000 
   87.00000000000000     1.00000000000000     0.00000000000000 
   87.25000000000000     1.00000000000000     0.00000000000000 
   87.50000000000000     1.00000000000000     0.00000000000000 
   87.75000000000000     1.00000000000000     0.00000000000000 
   88.00000000000000     1.00000000000000     0.00000000000000 
   88.25000000000000     1.00000000000000     0.00000000000000 
   88.50000000000000     1.00000000000000     0.00000000000000 
   88.75000000000000     1.00000000000000     0.00000000000000 
   89.00000000000000     1.00000000000000     0.00000000000000 
   89.25000000000000     1.00000000000000     0.00000000000000 
   89.50000000000000     1.00000000000000     0.00000000000000 
   89.75000000000000     1.00000000000000     0.00000000000000 
   90.00000000000000     1.00000000000000     0.00000000000000 
   90.25000000000000     1.00000000000000     0.00000000000000 
   90.50000000000000     1.00000000000000     0.00000000000000 
   90.75000000000000     1.00000000000000     0.00000000000000 
   91.00000000000000     1.00000000000000     0.00000000000000 
   91.25000000000000     1.00000000000000     0.00000000000000 
   91.50000000000000     1.00000000000000     0.00000000000000 
   91.75000000000000     1.00000000000000     0.00000000000000 
   92.00000000000000     1.00000000000000     0.00000000000000 
   92.25000000000000     1.00000000000000     0.00000000000000 
   92.50000000000000     1.00000000000000     0.00000000000000 
   92.75000000000000     1.00000000000000     0.00000000000000 
   93.00000000000000     1.00000000000000     0.00000000000000 
   93.25000000000000     1.00000000000000     0.00000000000000 
   93.50000000000000     1.00000000000000     0.00000000000000 
   93.75000000000000     1.00000000000000     0.00000000000000 
   94.00000000000000     1.00000000000000     0.00000000000000 
   94.25000000000000     1.00000000000000     0.00000000000000 
   94.50000000000000     1.00000000000000     0.00000000000000 
   94.75000000000000     1.00000000000000     0.00000000000000 
   95.00000000000000     1.00000000000000     0.00000000000000 
   95.25000000000000     1.00000000000000     0.00000000000000 
   95.50000000000000     1.00000000000000     0.00000000000000 
   95.75000000000000     1.00000000000000     0.00000000000000 
   96.00000000000000     1.00000000000000     0.00000000000000 
   96.25000000000000     1.00000000000000     0.00000000000000 
   96.50000000000000     1.00000000000000     0.00000000000000 
   96.75000000000000     1.00000000000000     0.00000000000000 
   97.00000000000000     1.00000000000000     0.00000000000000 
   97.25000000000000     1.00000000000000     0.00000000000000 
   97.50000000000000     1.00000000000000     0.00000000000000 
   97.75000000000000     1.00000000000000     0.00000000000000 
   98.00000000000000     1.00000000000000     0.00000000000000 
   98.25000000000000     1.00000000000000     0.00000000000000 
   98.50000000000000     1.00000000000000     0.00000000000000 
   98.75000000000000     1.00000000000000     0.00000000000000 
   99.00000000000000     1.00000000000000     0.00000000000000 
   99.25000000000000     1.00000000000000     0.00000000000000 
   99.50000000000000     1.00000000000000     0.00000000000000 
   99.75000000000000     1.00000000000000     0.00000000000000 
  100.00000000000000     1.00000000000000     0.00000000000000 
  100.25000000000000     1.00000000000000     0.00000000000000 
  100.50000000000000     1.00000000000000     0.00000000000000 
  100.75000000000000     1.00000000000000     0.00000000000000 
  101.00000000000000     1.00000000000000     0.00000000000000 
  101.25000000000000     1.00000000000000     0.00000000000000 
  101.50000000000000     1.00000000000000     0.00000000000000 
  101.75000000000000     1.00000000000000     0.00000000000000 
  102.00000000000000     1.00000000000000     0.00000000000000 
  102.25000000000000     1.00000000000000     0.00000000000000 
  102.50000000000000     1.00000000000000     0.00000000000000 
  102.75000000000000     1.00000000000000     0.00000000000000 
  103.00000000000000     1.00000000000000     0.00000000000000 
  103.25000000000000     1.00000000000000     0.00000000000000 
  103.50000000000000     1.00000000000000     0.00000000000000 
  103.75000000000000     1.00000000000000     0.00000000000000 
  104.00000000000000     1.00000000000000     0.00000000000000 
  104.25000000000000     1.00000000000000     0.00000000000000 
  104.50000000000000     1.00000000000000     0.00000000000000 
  104.75000000000000     1.00000000000000     0.00000000000000 
  105.00000000000000     1.00000000000000     0.00000000000000 
  105.25000000000000     1.00000000000000     0.00000000000000 
  105.50000000000000     1.00000000000000     0.00000000000000 
  105.75000000000000     1.00000000000000     0.00000000000000 
  106.00000000000000     0.00000000000000     1.00000000000000 
  106.25000000000000     0.00000000000000     1.00000000000000 
  106.50000000000000     0.00000000000000     1.00000000000000 
  106.75000000000000     0.00000000000000     1.00000000000000 
  107.00000000000000     0.00000000000000     1.00000000000000 
  107.25000000000000     0.00000000000000     1.00000000000000 
  107.50000000000000     0.00000000000000     1.00000000000000 
  107.75000000000000     0.00000000000000     1.00000000000000 
  108.00000000000000     0.00000000000000     1.00000000000000 
  108.25000000000000     0.00000000000000     1.00000000000000 
  108.50000000000000     0.00000000000000     1.00000000000000 
  108.75000000000000     0.00000000000000     1.00000000000000 
  109.00000000000000     0.00000000000000     1.00000000000000 
  109.25000000000000     0.00000000000000     1.00000000000000 
  109.50000000000000     0.00000000000000     1.00000000000000 
  109.75000000000000     0.00000000000000     1.00000000000000 
  110.00000000000000     0.00000000000000     1.00000000000000 
  110.25000000000000     0.00000000000000     1.00000000000000 
  110.50000000000000     0.00000000000000     1.00000000000000 
  110.75000000000000     0.00000000000000     1.00000000000000 
  111.00000000000000     0.00000000000000     1.00000000000000 
  111.25000000000000     0.00000000000000     1.00000000000000 
  111.50000000000000     0.00000000000000     1.00000000000000 
  111.75000000000000     0.00000000000000     1.00000000000000 
  112.00000000000000     0.00000000000000     1.00000000000000 
  112.25000000000000     0.00000000000000     1.00000000000000 
  112.50000000000000     0.00000000000000     1.00000000000000 
  112.75000000000000     0.00000000000000     1.00000000000000 
  113.00000000000000     0.00000000000000     1.00000000000000 
  113.25000000000000     0.00000000000000     1.00000000000000 
  113.50000000000000     0.00000000000000     1.00000000000000 
  113.75000000000000     0.00000000000000     1.00000000000000 
  114.00000000000000     0.00000000000000     1.00000000000000 
  114.25000000000000     0.00000000000000     1.00000000000000 
  114.50000000000000     0.00000000000000     1.00000000000000 
  114.75000000000000     0.00000000000000     1.00000000000000 
  115.00000000000000     0.00000000000000     1.00000000000000 
  115.25000000000000     0.00000000000000     1.00000000000000 
  115.50000000000000     0.00000000000000     1.00000000000000 
  115.75000000000000     0.00000000000000     1.00000000000000 
  116.00000000000000     0.00000000000000     1.00000000000000 
  116.25000000000000     0.00000000000000     1.00000000000000 
  116.50000000000000     0.00000000000000     1.00000000000000 
  116.75000000000000     0.00000000000000     1.00000000000000 
  117.00000000000000     0.00000000000000     1.00000000000000 
  117.25000000000000     0.00000000000000     1.00000000000000 
  117.50000000000000     0.00000000000000     1.00000000000000 
  117.75000000000000     0.00000000000000     1.00000000000000 
  118.00000000000000     0.00000000000000     1.00000000000000 
  118.25000000000000     0.00000000000000     1.00000000000000 
  118.50000000000000     0.00000000000000     1.00000000000000 
  118.75000000000000     0.00000000000000     1.00000000000000 
  119.00000000000000     0.00000000000000     1.00000000000000 
  119.25000000000000     0.00000000000000     1.00000000000000 
  119.50000000000000     0.00000000000000     1.00000000000000 
  119.75000000000000     0.00000000000000     1.00000000000000 
  120.00000000000000     0.00000000000000     1.00000000000000 
  120.25000000000000     0.00000000000000     1.00000000000000 
  120.50000000000000     0.00000000000000     1.00000000000000 
  120.75000000000000     0.00000000000000     1.00000000000000 
  121.00000000000000     0.00000000000000     1.00000000000000 
  121.25000000000000     0.00000000000000     1.00000000000000 
  121.50000000000000     0.00000000000000     1.00000000000000 
  121.75000000000000     0.00000000000000     1.00000000000000 
  122.00000000000000     0.00000000000000     1.00000000000000 
  122.25000000000000     0.00000000000000     1.00000000000000 
  122.50000000000000     0.00000000000000     1.00000000000000 
  122.75000000000000     0.00000000000000     1.00000000000000 
  123.00000000000000     0.00000000000000     1.00000000000000 
  123.25000000000000     0.00000000000000     1.00000000000000 
  123.50000000000000     0.00000000000000     1.00000000000000 
  123.75000000000000     0.00000000000000     1.00000000000000 
  124.00000000000000     0.00000000000000     1.00000000000000 
  124.25000000000000     0.00000000000000     1.00000000000000 
  124.50000000000000     0.00000000000000     1.00000000000000 
  124.75000000000000     0.00000000000000     1.00000000000000 
  125.00000000000000     0.00000000000000     1.00000000000000 
  125.25000000000000     0.00000000000000     1.00000000000000 
  125.50000000000000     0.00000000000000     1.00000000000000 
  125.75000000000000     0.00000000000000     1.00000000000000 
  126.00000000000000     0.00000000000000     1.00000000000000 
  126.25000000000000     0.00000000000000     1.00000000000000 
  126.50000000000000     0.00000000000000     1.00000000000000 
  126.75000000000000     0.00000000000000     1.00000000000000 
  127.00000000000000     0.00000000000000     1.00000000000000 
  127.25000000000000     0.00000000000000     1.00000000000000 
  127.50000000000000     0.00000000000000     1.00000000000000 
  127.75000000000000     0.00000000000000     1.00000000000000 
  128.00000000000000     0.00000000000000     1.00000000000000 
  128.25000000000000     0.00000000000000     1.00000000000000 
  128.50000000000000     0.00000000000000     1.00000000000000 
  128.75000000000000     0.00000000000000     1.00000000000000 
  129.00000000000000     0.00000000000000     1.00000000000000 
  129.25000000000000     0.00000000000000     1.00000000000000 
  129.50000000000000     0.00000000000000     1.00000000000000 
  129.75000000000000     0.00000000000000     1.00000000000000 
  130.00000000000000     0.00000000000000     1.00000000000000 
  130.25000000000000     0.00000000000000     1.00000000000000 
  130.50000000000000     0.00000000000000     1.00000000000000 
  130.75000000000000     0.00000000000000     1.00000000000000 
  131.00000000000000     0.00000000000000     1.00000000000000 
  131.25000000000000     0.00000000000000     1.00000000000000 
  131.50000000000000     0.00000000000000     1.00000000000000 
  131.75000000000000     0.00000000000000     1.00000000000000 
  132.00000000000000     0.00000000000000     1.00000000000000 
  132.25000000000000     0.00000000000000     1.00000000000000 
  132.50000000000000     0.00000000000000     1.00000000000000 
  132.75000000000000     0.00000000000000     1.00000000000000 
  133.00000000000000     0.00000000000000     1.00000000000000 
  133.25000000000000     0.00000000000000     1.00000000000000 
  133.50000000000000     0.00000000000000     1.00000000000000 
  133.75000000000000     0.00000000000000     1.00000000000000 
  134.00000000000000     0.00000000000000     1.00000000000000 
  134.25000000000000     0.00000000000000     1.00000000000000 
  134.50000000000000     0.00000000000000     1.00000000000000 
  134.75000000000000     0.00000000000000     1.00000000000000 
  135.00000000000000     0.00000000000000     1.00000000000000 
  135.25000000000000     0.00000000000000     1.00000000000000 
  135.50000000000000     0.00000000000000     1.00000000000000 
  135.75000000000000     0.00000000000000     1.00000000000000 
  136.00000000000000     0.00000000000000     1.00000000000000 
  136.25000000000000     0.00000000000000     1.00000000000000 
  136.50000000000000     0.00000000000000     1.00000000000000 
  136.75000000000000     0.00000000000000     1.00000000000000 
  137.00000000000000     0.00000000000000     1.00000000000000 
  137.25000000000000     0.00000000000000     1.00000000000000 
  137.50000000000000     0.00000000000000     1.00000000000000 
  137.75000000000000     0.00000000000000     1.00000000000000 
  138.00000000000000     0.00000000000000     1.00000000000000 
  138.25000000000000     0.00000000000000     1.00000000000000 
  138.50000000000000     0.00000000000000     1.00000000000000 
  138.75000000000000     0.00000000000000     1.00000000000000 
  139.00000000000000     0.00000000000000     1.00000000000000 
  139.25000000000000     0.00000000000000     1.00000000000000 
  139.50000000000000     0.00000000000000     1.00000000000000 
  139.75000000000000     0.00000000000000     1.00000000000000 
  140.00000000000000     0.00000000000000     1.00000000000000 
  140.25000000000000     0.00000000000000     1.00000000000000 
  140.50000000000000     0.00000000000000     1.00000000000000 
  140.75000000000000     0.00000000000000     1.00000000000000 
  141.00000000000000     0.00000000000000     1.00000000000000 
  141.25000000000000     0.00000000000000     1.00000000000000 
  141.50000000000000     0.00000000000000     1.00000000000000 
  141.75000000000000     0.00000000000000     1.00000000000000 
  142.00000000000000     0.00000000000000     1.00000000000000 
  142.25000000000000     0.00000000000000     1.00000000000000 
  142.50000000000000     0.00000000000000     1.00000000000000 
  142.75000000000000     0.00000000000000     1.00000000000000 
  143.00000000000000     0.00000000000000     1.00000000000000 
  143.25000000000000     0.00000000000000     1.00000000000000 
  143.50000000000000     0.00000000000000     1.00000000000000 
  143.75000000000000     0.00000000000000     1.00000000000000 
  144.00000000000000     0.00000000000000     1.00000000000000 
  144.25000000000000     0.00000000000000     1.00000000000000 
  144.50000000000000     0.00000000000000     1.00000000000000 
  144.75000000000000     0.00000000000000     1.00000000000000 
  145.00000000000000     0.00000000000000     1.00000000000000 
  145.25000000000000     0.00000000000000     1.00000000000000 
  145.50000000000000     0.00000000000000     1.00000000000000 
  145.75000000000000     0.00000000000000     1.00000000000000 
  146.00000000000000     0.00000000000000     1.00000000000000 
  146.25000000000000     0.00000000000000     1.00000000000000 
  146.50000000000000     0.00000000000000     1.00000000000000 
  146.75000000000000     0.00000000000000     1.00000000000000 
  147.00000000000000     0.00000000000000     1.00000000000000 
  147.25000000000000     0.00000000000000     1.00000000000000 
  147.50000000000000     0.00000000000000     1.00000000000000 
  147.75000000000000     0.00000000000000     1.00000000000000 
  148.00000000000000     0.00000000000000     1.00000000000000 
  148.25000000000000     0.00000000000000     1.00000000000000 
  148.50000000000000     0.00000000000000     1.00000000000000 
  148.75000000000000     0.00000000000000     1.00000000000000 
  149.00000000000000     0.00000000000000     1.00000000000000 
  149.25000000000000     0.00000000000000     1.00000000000000 
  149.50000000000000     0.00000000000000     1.00000000000000 
  149.75000000000000     0.00000000000000     1.00000000000000 
  150.00000000000000     0.00000000000000     1.00000000000000 
  150.25000000000000     0.00000000000000     1.00000000000000 
  150.50000000000000     0.00000000000000     1.00000000000000 
  150.75000000000000     0.00000000000000     1.00000000000000 
  151.00000000000000     0.00000000000000     1.00000000000000 
  151.25000000000000     0.00000000000000     1.00000000000000 
  151.50000000000000     0.00000000000000     1.00000000000000 
  151.75000000000000     0.00000000000000     1.00000000000000 
  152.00000000000000     0.00000000000000     1.00000000000000 
  152.25000000000000     0.00000000000000     1.00000000000000 
  152.50000000000000     0.00000000000000     1.00000000000000 
  152.75000000000000     0.00000000000000     1.00000000000000 
  153.00000000000000     0.00000000000000     1.00000000000000 
  153.25000000000000     0.00000000000000     1.00000000000000 
  153.50000000000000     0.00000000000000     1.00000000000000 
  153.75000000000000     0.00000000000000     1.00000000000000 
  154.00000000000000     0.00000000000000     1.00000000000000 
  154.25000000000000     0.00000000000000     1.00000000000000 
  154.50000000000000     0.00000000000000     1.00000000000000 
  154.75000000000000     0.00000000000000     1.00000000000000 
  155.00000000000000     0.00000000000000     1.00000000000000 
  155.25000000000000     0.00000000000000     1.00000000000000 
  155.50000000000000     0.00000000000000     1.00000000000000 
  155.75000000000000     0.00000000000000     1.00000000000000 
  156.00000000000000     0.00000000000000     1.00000000000000 
  156.25000000000000     0.00000000000000     1.00000000000000 
  156.50000000000000     0.00000000000000     1.00000000000000 
  156.75000000000000     0.00000000000000     1.00000000000000 
  157.00000000000000     0.00000000000000     1.00000000000000 
  157.25000000000000     0.00000000000000     1.00000000000000 
  157.50000000000000     0.00000000000000     1.00000000000000 
  157.75000000000000     0.00000000000000     1.00000000000000 
  158.00000000000000     0.00000000000000     1.00000000000000 
  158.25000000000000     0.00000000000000     1.00000000000000 
  158.50000000000000     0.00000000000000     1.00000000000000 
  158.75000000000000     0.00000000000000     1.00000000000000 
  159.00000000000000     0.00000000000000     1.00000000000000 
  159.25000000000000     0.00000000000000     1.00000000000000 
  159.50000000000000     0.00000000000000     1.00000000000000 
  159.75000000000000     0.00000000000000     1.00000000000000 
  160.00000000000000     0.00000000000000     1.00000000000000 
  160.25000000000000     0.00000000000000     1.00000000000000 
  160.50000000000000     0.00000000000000     1.00000000000000 
  160.75000000000000     0.00000000000000     1.00000000000000 
  161.00000000000000     0.00000000000000     1.00000000000000 
  161.25000000000000     0.00000000000000     1.00000000000000 
  161.50000000000000     0.00000000000000     1.00000000000000 
  161.75000000000000     0.00000000000000     1.00000000000000 
  162.00000000000000     0.00000000000000     1.00000000000000 
  162.25000000000000     0.00000000000000     1.00000000000000 
  162.50000000000000     0.00000000000000     1.00000000000000 
  162.75000000000000     0.00000000000000     1.00000000000000 
  163.00000000000000     0.00000000000000     1.00000000000000 
  163.25000000000000     0.00000000000000     1.00000000000000 
  163.50000000000000     0.00000000000000     1.00000000000000 
  163.75000000000000     0.00000000000000     1.00000000000000 
  164.00000000000000     0.00000000000000     1.00000000000000 
  164.25000000000000     0.00000000000000     1.00000000000000 
  164.50000000000000     0.00000000000000     1.00000000000000 
  164.75000000000000     0.00000000000000     1.00000000000000 
  165.00000000000000     0.00000000000000     1.00000000000000 
  165.25000000000000     0.00000000000000     1.00000000000000 
  165.50000000000000     0.00000000000000     1.00000000000000 
  165.75000000000000     0.00000000000000     1.00000000000000 
  166.00000000000000     0.00000000000000     1.00000000000000 
  166.25000000000000     0.00000000000000     1.00000000000000 
  166.50000000000000     0.00000000000000     1.00000000000000 
  166.75000000000000     0.00000000000000     1.00000000000000 
  167.00000000000000     0.00000000000000     1.00000000000000 
  167.25000000000000     0.00000000000000     1.00000000000000 
  167.50000000000000     0.00000000000000     1.00000000000000 
  167.75000000000000     0.00000000000000     1.00000000000000 
  168.00000000000000     0.00000000000000     1.00000000000000 
  168.25000000000000     0.00000000000000     1.00000000000000 
  168.50000000000000     0.00000000000000     1.00000000000000 
  168.75000000000000     0.00000000000000     1.00000000000000 
  169.00000000000000     0.00000000000000     1.00000000000000 
  169.25000000000000     0.00000000000000     1.00000000000000 
  169.50000000000000     0.00000000000000     1.00000000000000 
  169.75000000000000     0.00000000000000     1.00000000000000 
  170.00000000000000     0.00000000000000     1.00000000000000 
  170.25000000000000     0.00000000000000     1.00000000000000 
  170.50000000000000     0.00000000000000     1.00000000000000 
  170.75000000000000     0.00000000000000     1.00000000000000 
  171.00000000000000     0.00000000000000     1.00000000000000 
  171.25000000000000     0.00000000000000     1.00000000000000 
  171.50000000000000     0.00000000000000     1.00000000000000 
  171.75000000000000     0.00000000000000     1.00000000000000 
  172.00000000000000     0.00000000000000     1.00000000000000 
  172.25000000000000     0.00000000000000     1.00000000000000 
  172.50000000000000     0.00000000000000     1.00000000000000 
  172.75000000000000     0.00000000000000     1.00000000000000 
  173.00000000000000     0.00000000000000     1.00000000000000 
  173.25000000000000     0.00000000000000     1.00000000000000 
  173.50000000000000     0.00000000000000     1.00000000000000 
  173.75000000000000     0.00000000000000     1.00000000000000 
  174.00000000000000     0.00000000000000     1.00000000000000 
  174.25000000000000     0.00000000000000     1.00000000000000 
  174.50000000000000     0.00000000000000     1.00000000000000 
  174.75000000000000     0.00000000000000     1.00000000000000 
  175.00000000000000     0.00000000000000     1.00000000000000 
  175.25000000000000     0.00000000000000     1.00000000000000 
  175.50000000000000     0.00000000000000     1.00000000000000 
  175.75000000000000     0.00000000000000     1.00000000000000 
  176.00000000000000     0.00000000000000     1.00000000000000 
  176.25000000000000     0.00000000000000     1.00000000000000 
  176.50000000000000     0.00000000000000     1.00000000000000 
  176.75000000000000     0.00000000000000     1.00000000000000 
  177.00000000000000     0.00000000000000     1.00000000000000 
  177.25000000000000     0.00000000000000     1.00000000000000 
  177.50000000000000     0.00000000000000     1.00000000000000 
  177.75000000000000     0.00000000000000     1.00000000000000 
  178.00000000000000     0.00000000000000     1.00000000000000 
  178.25000000000000     0.00000000000000     1.00000000000000 
  178.50000000000000     0.00000000000000     1.00000000000000 
  178.75000000000000     0.00000000000000     1.00000000000000 
  179.00000000000000     0.00000000000000     1.00000000000000 
  179.25000000000000     0.00000000000000     1.00000000000000 
  179.50000000000000     0.00000000000000     1.00000000000000 
  179.75000000000000     0.00000000000000     1.00000000000000 
  180.00000000000000     0.00000000000000     1.00000000000000 
  180.25000000000000     0.00000000000000     1.00000000000000 
  180.50000000000000     0.00000000000000     1.00000000000000 
  180.75000000000000     0.00000000000000     1.00000000000000 
  181.00000000000000     0.00000000000000     1.00000000000000 
  181.25000000000000     0.00000000000000     1.00000000000000 
  181.50000000000000     0.00000000000000     1.00000000000000 
  181.75000000000000     0.00000000000000     1.00000000000000 
  182.00000000000000     0.00000000000000     1.00000000000000 
  182.25000000000000     0.00000000000000     1.00000000000000 
  182.50000000000000     0.00000000000000     1.00000000000000 
  182.75000000000000     0.00000000000000     1.00000000000000 
  183.00000000000000     0.00000000000000     1.00000000000000 
  183.25000000000000     0.00000000000000     1.00000000000000 
  183.50000000000000     0.00000000000000     1.00000000000000 
  183.75000000000000     0.00000000000000     1.00000000000000 
  184.00000000000000     0.00000000000000     1.00000000000000 
  184.25000000000000     0.00000000000000     1.00000000000000 
  184.50000000000000     0.00000000000000     1.00000000000000 
  184.75000000000000     0.00000000000000     1.00000000000000 
  185.00000000000000     0.00000000000000     1.00000000000000 
  185.25000000000000     0.00000000000000     1.00000000000000 
  185.50000000000000     0.00000000000000     1.00000000000000 
  185.75000000000000     0.00000000000000     1.00000000000000 
  186.00000000000000     0.00000000000000     1.00000000000000 
  186.25000000000000     0.00000000000000     1.00000000000000 
  186.50000000000000     0.00000000000000     1.00000000000000 
  186.75000000000000     0.00000000000000     1.00000000000000 
  187.00000000000000     0.00000000000000     1.00000000000000 
  187.25000000000000     0.00000000000000     1.00000000000000 
  187.50000000000000     0.00000000000000     1.00000000000000 
  187.75000000000000     0.00000000000000     1.00000000000000 
  188.00000000000000     0.00000000000000     1.00000000000000 
  188.25000000000000     0.00000000000000     1.00000000000000 
  188.50000000000000     0.00000000000000     1.00000000000000 
  188.75000000000000     0.00000000000000     1.00000000000000 
  189.00000000000000     0.00000000000000     1.00000000000000 
  189.25000000000000     0.00000000000000     1.00000000000000 
  189.50000000000000     0.00000000000000     1.00000000000000 
  189.75000000000000     0.00000000000000     1.00000000000000 
  190.00000000000000     0.00000000000000     1.00000000000000 
  190.25000000000000     0.00000000000000     1.00000000000000 
  190.50000000000000     0.00000000000000     1.00000000000000 
  190.75000000000000     0.00000000000000     1.00000000000000 
  191.00000000000000     0.00000000000000     1.00000000000000 
  191.25000000000000     0.00000000000000     1.00000000000000 
  191.50000000000000     0.00000000000000     1.00000000000000 
  191.75000000000000     0.00000000000000     1.00000000000000 
  192.00000000000000     0.00000000000000     1.00000000000000 
  192.25000000000000     0.00000000000000     1.00000000000000 
  192.50000000000000     1.00000000000000     0.00000000000000 
  192.75000000000000     1.00000000000000     0.00000000000000 
  193.00000000000000     1.00000000000000     0.00000000000000 
  193.25000000000000     1.00000000000000     0.00000000000000 
  193.50000000000000     1.00000000000000     0.00000000000000 
  193.75000000000000     1.00000000000000     0.00000000000000 
  194.00000000000000     1.00000000000000     0.00000000000000 
  194.25000000000000     1.00000000000000     0.00000000000000 
  194.50000000000000     1.00000000000000     0.00000000000000 
  194.75000000000000     1.00000000000000     0.00000000000000 
  195.00000000000000     1.00000000000000     0.00000000000000 
  195.25000000000000     1.00000000000000     0.00000000000000 
  195.50000000000000     1.00000000000000     0.00000000000000 
  195.75000000000000     1.00000000000000     0.00000000000000 
  196.00000000000000     1.00000000000000     0.00000000000000 
  196.25000000000000     1.00000000000000     0.00000000000000 
  196.50000000000000     1.00000000000000     0.00000000000000 
  196.75000000000000     1.00000000000000     0.00000000000000 
  197.00000000000000     1.00000000000000     0.00000000000000 
  197.25000000000000     1.00000000000000     0.00000000000000 
  197.50000000000000     1.00000000000000     0.00000000000000 
  197.75000000000000     1.00000000000000     0.00000000000000 
  198.00000000000000     1.00000000000000     0.00000000000000 
  198.25000000000000     1.00000000000000     0.00000000000000 
  198.50000000000000     1.00000000000000     0.00000000000000 
  198.75000000000000     1.00000000000000     0.00000000000000 
  199.00000000000000     1.00000000000000     0.00000000000000 
  199.25000000000000     1.00000000000000     0.00000000000000 
  199.50000000000000     1.00000000000000     0.00000000000000 
  199.75000000000000     1.00000000000000     0.00000000000000 
  200.00000000000000     1.00000000000000     0.00000000000000 
  200.25000000000000     1.00000000000000     0.00000000000000 
  200.50000000000000     1.00000000000000     0.00000000000000 
  200.75000000000000     1.00000000000000     0.00000000000000 
  201.00000000000000     1.00000000000000     0.00000000000000 
  201.25000000000000     1.00000000000000     0.00000000000000 
  201.50000000000000     1.00000000000000     0.00000000000000 
  201.75000000000000     1.00000000000000     0.00000000000000 
  202.00000000000000     1.00000000000000     0.00000000000000 
  202.25000000000000     1.00000000000000     0.00000000000000 
  202.50000000000000     1.00000000000000     0.00000000000000 
  202.75000000000000     1.00000000000000     0.00000000000000 
  203.00000000000000     1.00000000000000     0.00000000000000 
  203.25000000000000     1.00000000000000     0.00000000000000 
  203.50000000000000     1.00000000000000     0.00000000000000 
  203.75000000000000     1.00000000000000     0.00000000000000 
  204.00000000000000     1.00000000000000     0.00000000000000 
  204.25000000000000     1.00000000000000     0.00000000000000 
  204.50000000000000     1.00000000000000     0.00000000000000 
  204.75000000000000     1.00000000000000     0.00000000000000 
  205.00000000000000     1.00000000000000     0.00000000000000 
  205.25000000000000     1.00000000000000     0.00000000000000 
  205.50000000000000     1.00000000000000     0.00000000000000 
  205.75000000000000     1.00000000000000     0.00000000000000 
  206.00000000000000     1.00000000000000     0.00000000000000 
  206.25000000000000     1.00000000000000     0.00000000000000 
  206.50000000000000     1.00000000000000     0.00000000000000 
  206.75000000000000     1.00000000000000     0.00000000000000 
  207.00000000000000     1.00000000000000     0.00000000000000 
  207.25000000000000     1.00000000000000     0.00000000000000 
  207.50000000000000     1.00000000000000     0.00000000000000 
  207.75000000000000     1.00000000000000     0.00000000000000 
  208.00000000000000     1.00000000000000     0.00000000000000 
  208.25000000000000     1.00000000000000     0.00000000000000 
  208.50000000000000     1.00000000000000     0.00000000000000 
  208.75000000000000     1.00000000000000     0.00000000000000 
  209.00000000000000     1.00000000000000     0.00000000000000 
  209.25000000000000     1.00000000000000     0.00000000000000 
  209.50000000000000     1.00000000000000     0.00000000000000 
  209.75000000000000     1.00000000000000     0.00000000000000 
  210.00000000000000     1.00000000000000     0.00000000000000 
  210.25000000000000     1.00000000000000     0.00000000000000 
  210.50000000000000     1.00000000000000     0.00000000000000 
  210.75000000000000     1.00000000000000     0.00000000000000 
  211.00000000000000     1.00000000000000     0.00000000000000 
  211.25000000000000     1.00000000000000     0.00000000000000 
  211.50000000000000     1.00000000000000     0.00000000000000 
  211.75000000000000     1.00000000000000     0.00000000000000 
  212.00000000000000     1.00000000000000     0.00000000000000 
  212.25000000000000     1.00000000000000     0.00000000000000 
  212.50000000000000     1.00000000000000     0.00000000000000 
  212.75000000000000     1.00000000000000     0.00000000000000 
  213.00000000000000     1.00000000000000     0.00000000000000 
  213.25000000000000     1.00000000000000     0.00000000000000 
  213.50000000000000     1.00000000000000     0.00000000000000 
  213.75000000000000     1.00000000000000     0.00000000000000 
  214.00000000000000     1.00000000000000     0.00000000000000 
  214.25000000000000     1.00000000000000     0.00000000000000 
  214.50000000000000     1.00000000000000     0.00000000000000 
  214.75000000000000     1.00000000000000     0.00000000000000 
  215.00000000000000     1.00000000000000     0.00000000000000 
  215.25000000000000     1.00000000000000     0.00000000000000 
  215.50000000000000     1.00000000000000     0.00000000000000 
  215.75000000000000     1.00000000000000     0.00000000000000 
  216.00000000000000     1.00000000000000     0.00000000000000 
  216.25000000000000     1.00000000000000     0.00000000000000 
  216.50000000000000     1.00000000000000     0.00000000000000 
  216.75000000000000     1.00000000000000     0.00000000000000 
  217.00000000000000     1.00000000000000     0.00000000000000 
  217.25000000000000     1.00000000000000     0.00000000000000 
  217.50000000000000     1.00000000000000     0.00000000000000 
  217.75000000000000     1.00000000000000     0.00000000000000 
  218.00000000000000     1.00000000000000     0.00000000000000 
  218.25000000000000     1.00000000000000     0.00000000000000 
  218.50000000000000     1.00000000000000     0.00000000000000 
  218.75000000000000     1.00000000000000     0.00000000000000 
  219.00000000000000     1.00000000000000     0.00000000000000 
  219.25000000000000     1.00000000000000     0.00000000000000 
  219.50000000000000     1.00000000000000     0.00000000000000 
  219.75000000000000     1.00000000000000     0.00000000000000 
  220.00000000000000     1.00000000000000     0.00000000000000 
  220.25000000000000     1.00000000000000     0.00000000000000 
  220.50000000000000     1.00000000000000     0.00000000000000 
  220.75000000000000     1.00000000000000     0.00000000000000 
  221.00000000000000     1.00000000000000     0.00000000000000 
  221.25000000000000     1.00000000000000     0.00000000000000 
  221.50000000000000     1.00000000000000     0.00000000000000 
  221.75000000000000     1.00000000000000     0.00000000000000 
  222.00000000000000     1.00000000000000     0.00000000000000 
  222.25000000000000     1.00000000000000     0.00000000000000 
  222.50000000000000     1.00000000000000     0.00000000000000 
  222.75000000000000     1.00000000000000     0.00000000000000 
  223.00000000000000     1.00000000000000     0.00000000000000 
  223.25000000000000     1.00000000000000     0.00000000000000 
  223.50000000000000     1.00000000000000     0.00000000000000 
  223.75000000000000     1.00000000000000     0.00000000000000 
  224.00000000000000     1.00000000000000     0.00000000000000 
  224.25000000000000     1.00000000000000     0.00000000000000 
  224.50000000000000     1.00000000000000     0.00000000000000 
  224.75000000000000     1.00000000000000     0.00000000000000 
  225.00000000000000     1.00000000000000     0.00000000000000 
  225.25000000000000     1.00000000000000     0.00000000000000 
  225.50000000000000     1.00000000000000     0.00000000000000 
  225.75000000000000     1.00000000000000     0.00000000000000 
  226.00000000000000     1.00000000000000     0.00000000000000 
  226.25000000000000     1.00000000000000     0.00000000000000 
  226.50000000000000     1.00000000000000     0.00000000000000 
  226.75000000000000     1.00000000000000     0.00000000000000 
  227.00000000000000     1.00000000000000     0.00000000000000 
  227.25000000000000     1.00000000000000     0.00000000000000 
  227.50000000000000     1.00000000000000     0.00000000000000 
  227.75000000000000     1.00000000000000     0.00000000000000 
  228.00000000000000     1.00000000000000     0.00000000000000 
  228.25000000000000     1.00000000000000     0.00000000000000 
  228.50000000000000     1.00000000000000     0.00000000000000 
  228.75000000000000     1.00000000000000     0.00000000000000 
  229.00000000000000     1.00000000000000     0.00000000000000 
  229.25000000000000     1.00000000000000     0.00000000000000 
  229.50000000000000     1.00000000000000     0.00000000000000 
  229.75000000000000     1.00000000000000     0.00000000000000 
  230.00000000000000     1.00000000000000     0.00000000000000 
  230.25000000000000     1.00000000000000     0.00000000000000 
  230.50000000000000     1.00000000000000     0.00000000000000 
  230.75000000000000     1.00000000000000     0.00000000000000 
  231.00000000000000     1.00000000000000     0.00000000000000 
  231.25000000000000     1.00000000000000     0.00000000000000 
  231.50000000000000     1.00000000000000     0.00000000000000 
  231.75000000000000     1.00000000000000     0.00000000000000 
  232.00000000000000     1.00000000000000     0.00000000000000 
  232.25000000000000     1.00000000000000     0.00000000000000 
  232.50000000000000     1.00000000000000     0.00000000000000 
  232.75000000000000     1.00000000000000     0.00000000000000 
  233.00000000000000     1.00000000000000     0.00000000000000 
  233.25000000000000     1.00000000000000     0.00000000000000 
  233.50000000000000     1.00000000000000     0.00000000000000 
  233.75000000000000     1.00000000000000     0.00000000000000 
  234.00000000000000     1.00000000000000     0.00000000000000 
  234.25000000000000     1.00000000000000     0.00000000000000 
  234.50000000000000     1.00000000000000     0.00000000000000 
  234.75000000000000     1.00000000000000     0.00000000000000 
  235.00000000000000     1.00000000000000     0.00000000000000 
  235.25000000000000     1.00000000000000     0.00000000000000 
  235.50000000000000     1.00000000000000     0.00000000000000 
  235.75000000000000     1.00000000000000     0.00000000000000 
  236.00000000000000     1.00000000000000     0.00000000000000 
  236.25000000000000     1.00000000000000     0.00000000000000 
  236.50000000000000     1.00000000000000     0.00000000000000 
  236.75000000000000     1.00000000000000     0.00000000000000 
  237.00000000000000     1.00000000000000     0.00000000000000 
  237.25000000000000     1.00000000000000     0.00000000000000 
  237.50000000000000     1.00000000000000     0.00000000000000 
  237.75000000000000     1.00000000000000     0.00000000000000 
  238.00000000000000     1.00000000000000     0.00000000000000 
  238.25000000000000     1.00000000000000     0.00000000000000 
  238.50000000000000     1.00000000000000     0.00000000000000 
  238.75000000000000     1.00000000000000     0.00000000000000 
  239.00000000000000     1.00000000000000     0.00000000000000 
  239.25000000000000     1.00000000000000     0.00000000000000 
  239.50000000000000     1.00000000000000     0.00000000000000 
  239.75000000000000     1.00000000000000     0.00000000000000 
  240.00000000000000     1.00000000000000     0.00000000000000 
  240.25000000000000     1.00000000000000     0.00000000000000 
  240.50000000000000     1.00000000000000     0.00000000000000 
  240.75000000000000     1.00000000000000     0.00000000000000 
  241.00000000000000     1.00000000000000     0.00000000000000 
  241.25000000000000     1.00000000000000     0.00000000000000 
  241.50000000000000     1.00000000000000     0.00000000000000 
  241.75000000000000     1.00000000000000     0.00000000000000 
  242.00000000000000     1.00000000000000     0.00000000000000 
  242.25000000000000     1.00000000000000     0.00000000000000 
  242.50000000000000     1.00000000000000     0.00000000000000 
  242.75000000000000     1.00000000000000     0.00000000000000 
  243.00000000000000     1.00000000000000     0.00000000000000 
  243.25000000000000     1.00000000000000     0.00000000000000 
  243.50000000000000     1.00000000000000     0.00000000000000 
  243.75000000000000     1.00000000000000     0.00000000000000 
  244.00000000000000     1.00000000000000     0.00000000000000 
  244.25000000000000     1.00000000000000     0.00000000000000 
  244.50000000000000     1.00000000000000     0.00000000000000 
  244.75000000000000     1.00000000000000     0.00000000000000 
  245.00000000000000     1.00000000000000     0.00000000000000 
  245.25000000000000     1.00000000000000     0.00000000000000 
  245.50000000000000     1.00000000000000     0.00000000000000 
  245.75000000000000     1.00000000000000     0.00000000000000 
  246.00000000000000     1.00000000000000     0.00000000000000 
  246.25000000000000     1.00000000000000     0.00000000000000 
  246.50000000000000     1.00000000000000     0.00000000000000 
  246.75000000000000     1.00000000000000     0.00000000000000 
  247.00000000000000     1.00000000000000     0.00000000000000 
  247.25000000000000     1.00000000000000     0.00000000000000 
  247.50000000000000     1.00000000000000     0.00000000000000 
  247.75000000000000     1.00000000000000     0.00000000000000 
  248.00000000000000     1.00000000000000     0.00000000000000 
  248.25000000000000     1.00000000000000     0.00000000000000 
  248.50000000000000     1.00000000000000     0.00000000000000 
  248.75000000000000     1.00000000000000     0.00000000000000 
  249.00000000000000     1.00000000000000     0.00000000000000 
  249.25000000000000     1.00000000000000     0.00000000000000 
  249.50000000000000     1.00000000000000     0.00000000000000 
  249.75000000000000     1.00000000000000     0.00000000000000 
  250.00000000000000     1.00000000000000     0.00000000000000 
  250.25000000000000     1.00000000000000     0.00000000000000 
  250.50000000000000     1.00000000000000     0.00000000000000 
  250.75000000000000     1.00000000000000     0.00000000000000 
  251.00000000000000     1.00000000000000     0.00000000000000 
  251.25000000000000     1.00000000000000     0.00000000000000 
  251.50000000000000     1.00000000000000     0.00000000000000 
  251.75000000000000     1.00000000000000     0.00000000000000 
  252.00000000000000     1.00000000000000     0.00000000000000 
  252.25000000000000     1.00000000000000     0.00000000000000 
  252.50000000000000     1.00000000000000     0.00000000000000 
  252.75000000000000     1.00000000000000     0.00000000000000 
  253.00000000000000     1.00000000000000     0.00000000000000 
  253.25000000000000     1.00000000000000     0.00000000000000 
  253.50000000000000     1.00000000000000     0.00000000000000 
  253.75000000000000     1.00000000000000     0.00000000000000 
  254.00000000000000     1.00000000000000     0.00000000000000 
  254.25000000000000     1.00000000000000     0.00000000000000 
  254.50000000000000     1.00000000000000     0.00000000000000 
  254.75000000000000     1.00000000000000     0.00000000000000 
  255.00000000000000     1.00000000000000     0.00000000000000 
  255.25000000000000     0.00000000000000     1.00000000000000 
  255.50000000000000     0.00000000000000     1.00000000000000 
  255.75000000000000     0.00000000000000     1.00000000000000 
  256.00000000000000     0.00000000000000     1.00000000000000 
  256.25000000000000     0.00000000000000     1.00000000000000 
  256.50000000000000     0.00000000000000     1.00000000000000 
  256.75000000000000     0.00000000000000     1.00000000000000 
  257.00000000000000     0.00000000000000     1.00000000000000 
  257.25000000000000     0.00000000000000     1.00000000000000 
  257.50000000000000     0.00000000000000     1.00000000000000 
  257.75000000000000     0.00000000000000     1.00000000000000 
  258.00000000000000     0.00000000000000     1.00000000000000 
  258.25000000000000     0.00000000000000     1.00000000000000 
  258.50000000000000     0.00000000000000     1.00000000000000 
  258.75000000000000     0.00000000000000     1.00000000000000 
  259.00000000000000     0.00000000000000     1.00000000000000 
  259.25000000000000     0.00000000000000     1.00000000000000 
  259.50000000000000     0.00000000000000     1.00000000000000 
  259.75000000000000     0.00000000000000     1.00000000000000 
  260.00000000000000     0.00000000000000     1.00000000000000 
  260.25000000000000     0.00000000000000     1.00000000000000 
  260.50000000000000     0.00000000000000     1.00000000000000 
  260.75000000000000     0.00000000000000     1.00000000000000 
  261.00000000000000     0.00000000000000     1.00000000000000 
  261.25000000000000     0.00000000000000     1.00000000000000 
  261.50000000000000     0.00000000000000     1.00000000000000 
  261.75000000000000     0.00000000000000     1.00000000000000 
  262.00000000000000     0.00000000000000     1.00000000000000 
  262.25000000000000     0.00000000000000     1.00000000000000 
  262.50000000000000     0.00000000000000     1.00000000000000 
  262.75000000000000     0.00000000000000     1.00000000000000 
  263.00000000000000     0.00000000000000     1.00000000000000 
  263.25000000000000     0.00000000000000     1.00000000000000 
  263.50000000000000     0.00000000000000     1.00000000000000 
  263.75000000000000     0.00000000000000     1.00000000000000 
  264.00000000000000     0.00000000000000     1.00000000000000 
  264.25000000000000     0.00000000000000     1.00000000000000 
  264.50000000000000     0.00000000000000     1.00000000000000 
  264.75000000000000     0.00000000000000     1.00000000000000 
  265.00000000000000     0.00000000000000     1.00000000000000 
  265.25000000000000     0.00000000000000     1.00000000000000 
  265.50000000000000     0.00000000000000     1.00000000000000 
  265.75000000000000     0.00000000000000     1.00000000000000 
  266.00000000000000     0.00000000000000     1.00000000000000 
  266.25000000000000     0.00000000000000     1.00000000000000 
  266.50000000000000     0.00000000000000     1.00000000000000 
  266.75000000000000     0.00000000000000     1.00000000000000 
  267.00000000000000     0.00000000000000     1.00000000000000 
  267.25000000000000     0.00000000000000     1.00000000000000 
  267.50000000000000     0.00000000000000     1.00000000000000 
  267.75000000000000     0.00000000000000     1.00000000000000 
  268.00000000000000     0.00000000000000     1.00000000000000 
  268.25000000000000     0.00000000000000     1.00000000000000 
  268.50000000000000     0.00000000000000     1.00000000000000 
  268.75000000000000     0.00000000000000     1.00000000000000 
  269.00000000000000     0.00000000000000     1.00000000000000 
  269.25000000000000     0.00000000000000     1.00000000000000 
  269.50000000000000     0.00000000000000     1.00000000000000 
  269.75000000000000     0.00000000000000     1.00000000000000 
  270.00000000000000     0.00000000000000     1.00000000000000 
  270.25000000000000     0.00000000000000     1.00000000000000 
  270.50000000000000     0.00000000000000     1.00000000000000 
  270.75000000000000     0.00000000000000     1.00000000000000 
  271.00000000000000     0.00000000000000     1.00000000000000 
  271.25000000000000     0.00000000000000     1.00000000000000 
  271.50000000000000     0.00000000000000     1.00000000000000 
  271.75000000000000     0.00000000000000     1.00000000000000 
  272.00000000000000     0.00000000000000     1.00000000000000 
  272.25000000000000     0.00000000000000     1.00000000000000 
  272.50000000000000     0.00000000000000     1.00000000000000 
  272.75000000000000     0.00000000000000     1.00000000000000 
  273.00000000000000     0.00000000000000     1.00000000000000 
  273.25000000000000     0.00000000000000     1.00000000000000 
  273.50000000000000     0.00000000000000     1.00000000000000 
  273.75000000000000     0.00000000000000     1.00000000000000 
  274.00000000000000     0.00000000000000     1.00000000000000 
  274.25000000000000     0.00000000000000     1.00000000000000 
  274.50000000000000     0.00000000000000     1.00000000000000 
  274.75000000000000     0.00000000000000     1.00000000000000 
  275.00000000000000     0.00000000000000     1.00000000000000 
  275.25000000000000     0.00000000000000     1.00000000000000 
  275.50000000000000     0.00000000000000     1.00000000000000 
  275.75000000000000     0.00000000000000     1.00000000000000 
  276.00000000000000     0.00000000000000     1.00000000000000 
  276.25000000000000     0.00000000000000     1.00000000000000 
  276.50000000000000     0.00000000000000     1.00000000000000 
  276.75000000000000     0.00000000000000     1.00000000000000 
  277.00000000000000     0.00000000000000     1.00000000000000 
  277.25000000000000     0.00000000000000     1.00000000000000 
  277.50000000000000     0.00000000000000     1.00000000000000 
  277.75000000000000     0.00000000000000     1.00000000000000 
  278.00000000000000     0.00000000000000     1.00000000000000 
  278.25000000000000     0.00000000000000     1.00000000000000 
  278.50000000000000     0.00000000000000     1.00000000000000 
  278.75000000000000     0.00000000000000     1.00000000000000 
  279.00000000000000     0.00000000000000     1.00000000000000 
  279.25000000000000     0.00000000000000     1.00000000000000 
  279.50000000000000     0.00000000000000     1.00000000000000 
  279.75000000000000     0.00000000000000     1.00000000000000 
  280.00000000000000     0.00000000000000     1.00000000000000 
  280.25000000000000     0.00000000000000     1.00000000000000 
  280.50000000000000     0.00000000000000     1.00000000000000 
  280.75000000000000     0.00000000000000     1.00000000000000 
  281.00000000000000     0.00000000000000     1.00000000000000 
  281.25000000000000     0.00000000000000     1.00000000000000 
  281.50000000000000     0.00000000000000     1.00000000000000 
  281.75000000000000     0.00000000000000     1.00000000000000 
  282.00000000000000     0.00000000000000     1.00000000000000 
  282.25000000000000     0.00000000000000     1.00000000000000 
  282.50000000000000     0.00000000000000     1.00000000000000 
  282.75000000000000     0.00000000000000     1.00000000000000 
  283.00000000000000     0.00000000000000     1.00000000000000 
  283.25000000000000     0.00000000000000     1.00000000000000 
  283.50000000000000     0.00000000000000     1.00000000000000 
  283.75000000000000     0.00000000000000     1.00000000000000 
  284.00000000000000     0.00000000000000     1.00000000000000 
  284.25000000000000     0.00000000000000     1.00000000000000 
  284.50000000000000     0.00000000000000     1.00000000000000 
  284.75000000000000     0.00000000000000     1.00000000000000 
  285.00000000000000     0.00000000000000     1.00000000000000 
  285.25000000000000     0.00000000000000     1.00000000000000 
  285.50000000000000     0.00000000000000     1.00000000000000 
  285.75000000000000     0.00000000000000     1.00000000000000 
  286.00000000000000     0.00000000000000     1.00000000000000 
  286.25000000000000     0.00000000000000     1.00000000000000 
  286.50000000000000     0.00000000000000     1.00000000000000 
  286.75000000000000     0.00000000000000     1.00000000000000 
  287.00000000000000     0.00000000000000     1.00000000000000 
  287.25000000000000     0.00000000000000     1.00000000000000 
  287.50000000000000     0.00000000000000     1.00000000000000 
  287.75000000000000     0.00000000000000     1.00000000000000 
  288.00000000000000     0.00000000000000     1.00000000000000 
  288.25000000000000     0.00000000000000     1.00000000000000 
  288.50000000000000     0.00000000000000     1.00000000000000 
  288.75000000000000     0.00000000000000     1.00000000000000 
  289.00000000000000     0.00000000000000     1.00000000000000 
  289.25000000000000     0.00000000000000     1.00000000000000 
  289.50000000000000     0.00000000000000     1.00000000000000 
  289.75000000000000     0.00000000000000     1.00000000000000 
  290.00000000000000     0.00000000000000     1.00000000000000 
  290.25000000000000     0.00000000000000     1.00000000000000 
  290.50000000000000     0.00000000000000     1.00000000000000 
  290.75000000000000     0.00000000000000     1.00000000000000 
  291.00000000000000     0.00000000000000     1.00000000000000 
  291.25000000000000     0.00000000000000     1.00000000000000 
  291.50000000000000     0.00000000000000     1.00000000000000 
  291.75000000000000     0.00000000000000     1.00000000000000 
  292.00000000000000     0.00000000000000     1.00000000000000 
  292.25000000000000     0.00000000000000     1.00000000000000 
  292.50000000000000     0.00000000000000     1.00000000000000 
  292.75000000000000     0.00000000000000     1.00000000000000 
  293.00000000000000     0.00000000000000     1.00000000000000 
  293.25000000000000     0.00000000000000     1.00000000000000 
  293.50000000000000     0.00000000000000     1.00000000000000 
  293.75000000000000     0.00000000000000     1.00000000000000 
  294.00000000000000     0.00000000000000     1.00000000000000 
  294.25000000000000     0.00000000000000     1.00000000000000 
  294.50000000000000     0.00000000000000     1.00000000000000 
  294.75000000000000     0.00000000000000     1.00000000000000 
  295.00000000000000     0.00000000000000     1.00000000000000 
  295.25000000000000     0.00000000000000     1.00000000000000 
  295.50000000000000     0.00000000000000     1.00000000000000 
  295.75000000000000     0.00000000000000     1.00000000000000 
  296.00000000000000     0.00000000000000     1.00000000000000 
  296.25000000000000     0.00000000000000     1.00000000000000 
  296.50000000000000     0.00000000000000     1.00000000000000 
  296.75000000000000     0.00000000000000     1.00000000000000 
  297.00000000000000     0.00000000000000     1.00000000000000 
  297.25000000000000     0.00000000000000     1.00000000000000 
  297.50000000000000     0.00000000000000     1.00000000000000 
  297.75000000000000     0.00000000000000     1.00000000000000 
  298.00000000000000     0.00000000000000     1.00000000000000 
  298.25000000000000     0.00000000000000     1.00000000000000 
  298.50000000000000     0.00000000000000     1.00000000000000 
  298.75000000000000     0.00000000000000     1.00000000000000 
  299.00000000000000     0.00000000000000     1.00000000000000 
  299.25000000000000     0.00000000000000     1.00000000000000 
  299.50000000000000     0.00000000000000     1.00000000000000 
  299.75000000000000     0.00000000000000     1.00000000000000 
  300.00000000000000     0.00000000000000     1.00000000000000 
